
>Acletoxenus indicus Malloch

1011110000 0000000000 0000101000 0000000000 0000100000 0000000000 0010000000 0000020000 0000000000 0000000020 0000001000 0000100000
0010111000 0000001100 0000000000 0000000000 0000000000 0000000000 0000000000 0000000000 000001?100 00000000

>Anziota Antiota humeralis Loew

1011100101 1000000000 0001101020 0000000000 0000000000 0000000000 0000000000 0000000000 0000000000 0000000010 0000000000 0000010000
1000111000 0000000000 0000000000 0111011000 0000000000 0000000000 0000000000 0000000000 000000??00 0???0000

>Amiota Amiota leucostoma Loew

1011100101 1000000000 0001101020 0000000000 0000000000 0000000000 0000000000 0000000000 0000000000 0000000000 0000000000 0000010000
1000111000 0000000000 0000000000 0111011000 0000000000 0000000000 0000000000 0000000000 000000??00 0???0000

>Amiota Phortica variegata Fallen

1010100101 1000???0?? ?00?10???? ???0000000 0000000000 0000010000 0000000000 0000000000 0000000000 0100000020 0000100000 0000010000
1000111000 0000000000 0000000000 0110100000 0000000000 0000000000 0000000000 0000000000 000000??00 0?000000


>Anmiota Phortica sp

10?0100101 1000???0?? ?00?10???? ???0000000 0000000000 0000010000 0000000000 0000000000 0000000000 0100000020 D000100000 0000010000
1000111000 0000000000 0000000000 0110100000 0000000000 0000000000 0000000000 0000000000 000000??00 0??00000

>Amiota Sinophthalmus picta Coquillett

10?0100101 1000000000 0001100020 0000000000 0000100000 0000010000 0000000000 0000000000 0000100000 0100000020 0000100000 0000010000
1000111000 0000000000 0000000000 0110000000 0000000000 0000000000 0000000000 0000000000 0000000000 00000000

>Apenthecia crassiseta Hackman

101?100100 1000000000 0001100020 0000000000 0000100000 0000010000 0000000000 0000000000 0000100000 0100000030 0000100000 0000010000
1000111000 0000000000 0000000000 0000000000 0000000000 0000000000 booooooooo 0000000000 0000001000 00000000

>Ateledrosophila preapicula Hardy

10???0000? 0010???0?? ?00?0????? ?1?0000100 0011000000 0000100000 0000001000 0000000000 0000000000 0000020030 1000000000 0000100000
1000???000 0000000000 0000000000 0000000111 11?1000000 0000000000 0000000000 0000000000 100000?100 01100000

>Baeodrosophila pubescens Wheeler & Takada

1010000010 0000000000 0010001000 000000001? 0000100000 0000100010 ?000?00000 0000000000 0000000000 1000020031 10?1000000 0001100?00
0000110000 0000000000 0000000000 0000000000 0000000000 0000100000 0000000000 0000001100 1000001100 01000000

>Cacoxenzus Gitonides perspicax Knab

1000100001 1000000000 0000001020 0000000000 0000100000 0000010000 0001000000 0000000000 0000020000 0000000020 0000100000 0000000000
0000111000 0000000000 0000000001 1000000000 0000000000 0000000000 0000000000 0000000000 0000001000 00000000

>Cacoxenus Paracacoxenus guttatus Hardy & Wheeler

1000100001 1000???0?? ?00?10???? ???0000000 0000100000 0000010000 0001000000 0000000000 0000020000 0000000020 0000100000 0000000000
0000111000 0000000000 0000000001 1000000000 0000000000 0000000000 0000000000 0000000000 000000?000 00000000

>Calodrosophila phalerosa Wheeler and Takada

1010100000 00001100?1 0000002000 010000001? 0000000000 0000100000 ?000?001?0 2000000000 0000000000 0000020151 00?0000000 0000100?00
000011?000 0000000000 0000?00000 0000000000 0000000000 0000000000 0000000000 0000000000 000000???? 7???????

>Celidosoma nigrocincta Hardy
10???00000 0010???0?? ?00?00???? ???000001? 0011000000 0000100000 0000000100 0000000000 0000000000 0000020040 1110000000 0000100000
0000???000 0000000000 0000000000 0000000??? ???0000000 0000000000 0000000000 0000000000 0000001100 00000000

>Chymomyza amoena Loew
1010000000 0000100000 0000013001 2100000000 0000000000 0000100000 0000000020 0000000000 0000000000 0000020041 0010000000 0000100000
0000000000 0000000000 0000011110 0000000000 0000000000 0000000000 0000000000 0000001000 1000001100 01000000

>Cladochaeta inversa Walker
1010000000 0000000001 00000000?0 0000001000 0000000000,0000100000 0000000010 0000000000 0000000000 0000020031 1000000000 0001100000
0000110000 0000000000 1111100000 0000000000 0000000000 0000000000 0000000000 0000002000 0000001100 00000000

>Cladochaeta nebulosa Coquillett

1010000000 0000000001 000000?0?? ???0001000 0000000000 1000100000 0000000010 0000000000 0000000000 0000020031 0000000000 0001100000
0000???000 0000000000 1111100000 0000000000 0000000000 0000000000 0000000000 0000002000 0000001100 00000000

>Colocasiomyia stamenicola Carson & Okada

1010000000 0010000000 0010000010 0000000000 0000100000 0000100000 ?00?000000 0000000000 0000000000 1000020041 1000000000 0000100?00
0000???000 0000000000 0000000000 0000000000 0000000000 0000000000 0000000000 0000000000 1000001100 01000000

>Dettopsomyia formosa Lamb
1010000000 00111??1?? ?00?001?0? 0100000011 0000000000 0110100000 0000000110 1000000000 1000000200 0000020051 0000010000 0100100000
0000???000 0000000000 0000000000 0000000000 0000000000 1100000000 0000000000 0000000000 1000001100 01100000

>Diathoneura metallica Sturtevant

1010000000 1000000001 0000000?11 2000001000 0000000000 0000100000 00000001?0 1000000000 0000000000 0000021131 0000000000 0001100000
0000110000 0000000002 0010000000 0000000000 0000000000 0000000000 0000000000 0000002000 1000001100 01110000

>Diathoneura opaca Williston

1010000000 1000000001 0000001111 2000001000 0000000000 0000100000 00000001?0 1000000000 0000000000 0000020141 1000000000 0001100000
0000110000 0000000011 0010000000 0000000000 0000000000 0000000000 0000000000 0000002000 1000001100 01100000

>Dicladochaeta biseriata Malloch

1010000000 0110???0?? ?10?01???? ???0000011 0000000000 1000100000 0000000100 0000000000 0000000000 0000120051 0100000000 0000100000
0000???000 0000000000 0000000000 0000000000 0000000000 0000000000 0000000000 0000000000 100000?100 01000000

>Drosophila Antopocerus adunca Hardy

1011000000 0110110020 0000011000 0100000100 0000010000 0000101000 0000000000 0000000000 0000000000 0000020030 1110000000 0000100000
1000110000 0000000000 0000000000 0000000111 11?1000000 0000000000 0000000000 0000000000 1000001100 01100001

>Drosophila Antopocerus longiseta Grimshaw

1011000000 0110???0?? ?00?01???? ???0000100 0000010000 0000101000 0000000000 0000000000 0000000000 0000020030 1110000000 0000100000
1000110000 0000000000 0000000000 0000000111 1101000000 0000000000 0000000000 0000000000 1000001100 01100001

>Drosophila Dichaetophora a beranis Lamb

1010000000 0000?7?0?? ?00?0????? ???0000010 0000000000 0000100000 0000000000 0000000000 0000000000 0000020031 1011000000 0000100000
0000110000 0000000000 0000000000 0000000000 0000000000 1100000100 0000000000 0000000000 1000001100 01110000

>Drosophila Dorsilopha busckii Coquillett

1010000000 0010100000 0000001000 0100000011 0000000010 0000100000 0000000010 0000000000 0000000000 0000120031 1000000000 0000100000
0000110000 0000000000 0000000000 0000000000 0000000000 0000000000 0000000000 0000000000 1100001100 01100000

>Drosophila Drosophila achlya Hardy

1010000000 0010???0?? ?00?00???? ???0000000 0000000000 0000100000 0000000000 0000000000 0000000000 0000020031 1010000000 0000100000
1000110000 0000000000 0000000000 0000000111 1101000000 0000000000 0000000000 0000000000 1000001100 01100001

>Drosopltila Drosophila adiastola Hardy

1011000000 0100???0?? ?10?01???? ???0100000 0000000000 0000100000 0000000000 0000000000 0000000000 0000020030 1100000000 0000100000
1000110000 0000000000 0000000000 0000000111 1101000000 0000000000 0000000000 0000000000 1000001100 01100001

>Drosophila Drosophila araiotrichia Hardy

1010000000 0010???2?? ?00?00???? ???0100000 0000000000 0000100000 0000000110 0000000000 0000000000 0000020031 1000000000 0000100000
1000110000 0000000000 0000000000 0000000111 1101000000 0000000000 0000000000 0000000000 100000?100 01100001

>Drosophila Drosophila atroscutellata Hardy

1011000000 00101??0?? 010?011??? ???0000100 0000000000 0000100000 0000000010 0000000000 0000000000 0000020031 1100000000 0000100000
1000110000 0000000000 0000000000 0000000111 1111000000 0000000000 0000000000 0000000000 1000001100 01100001

>Drosophila Drosophila attigua Hardy & Kaneshiro

1011000000 01107??0?? ?00?01???? ???0000100 0000000000 0000100000 0000000000 0000000000 0000000000 0000020030 1110000000 0000100000
1000110000 0000000000 0000000000 0000000111 1101000000 0000000000 0000000000 0000000000 1000001100 01100001

>Drosophila Drosophila basimacula Hardy

1010000000 0010110020 0000001000 0100000100 0000000000 0000100000 0000000000 0000000000 0000000000 0000020030 1000000000 0000100000
1000110000 0000000000 0000000000 0000000111 1101000000 0000000000 0000000000 0000000000 1000001100 01100001

>Drosophila Drosophila bipolita Hardy

1010000000 0000???0?? ?00?01???? ???0000000 0000000000 0000100000 0000000110 0000000000 0000000000 0000020031 1000000000 0000100000
1000110000 0000000000 0000000000 0000000111 1101000000 0000000000 0000000000 0000000000 1000001100 01100001

>Drosophila Drosophila calloptera Schiner

1010000000 0000110000 2000001000 0100000010 0000000000 0000100000 0000000100 0000000000 0000000000 1000120031 1110000000 0000100000
1000110000 0000000000 0000000000 0000000000 0000000000 0000000000 0000000000 0000000011 1100001100 01100000

>Drosophila Drosophila cardini Sturtevant

1010000000 0000110000 ?000001000 0100000010 0000000000 0000100000 0000000100 0000000000 0000000000 1000120031 1000000000 0000100000
0000110000 0000000000 0000000000 0000000000 0000000000 0000000000 0000000000 0000000011 1000001100 01100000

>Drosophila Drosophila colorata Walker.

1010000000 0010110000 2000001000 0100000010 0000000000 0000100000 0000000000 0000000000 0000000000 2000020031 1110000000 0000100000
0000110000 0000000000 0000000000 0000000000 0000000000 0000000000 0000000000 0000000000 1111101100 01100000

>Drosophila Drosophila crucigera Grimshaw

1111000000 00101??020 0000011000 0100000100 0000000000 0001100000 0000000000 0000000000 0000000000 0000020031 1110000000 0000100000
1000110000 0000000000 0000000000 0000000111 1111000000 0000000000 0000000000 0000000000 1000001100 01100001


>Drosophlila Drosophila dissita Hardy

1010000000 0010110020 0100001000 0100000100 0000000000 0000100000 0000000010 0000000000 0000000000 0000020030 1000000000 0000100000
1000110000 0000000000 0000000000 0000000111 1111000000 0000000000 0000000000 0000000000 1000001100 01100001

>Drosophila Drosophila engyochracea Hardy

1011000000 0110110020 0100011000 0100000100 0000000000 0001100000 0000000000 0000000000 0000000000 0000020031 1100000000 0000100000
1000110000 0000000000 0000000000 0000000111 1111000000 0000000000 0000000000 0000000000 1000001100 01100001

>Drosophila Drosophila flavopilosa Frey

1010000000 0010???0?? ?00?00???? ???0000010 0000000000 0000100000 0000000000 0000000000 0000000000 1000020041 1100000000 0000100000
0000110000 0000000000 0000000000 0000000000 0000000000 0000000000 0000000000 0000000000 1010101100 01100000

>Drosophila Drosophila funebris Fabricius

1010000000 0010100000 1000001000 010000001? 0000000000 0000100000 0000000000 0000000000 0000000000 1000120021 1110000000 0000100000
0000110000 0000000000 0000000000 0000000000 0000000000 0000000000 0000000000 0000010000 1000001100 01100000

>Drosophila Drosophila fungiperda Hardy

1110000000 0000110020 010000?000 0100000100 0000000000 0000100000 0000000000 0000000000 0000000000 0000120031 1100000000 0000100000
1000110000 0000000000 0000000000 0000000111 11?1000000 0000000000 0000000000 0000000000 1000001100 01100001

>Drosophila Drosophila hanaidae Hardy

1011000000 0110???2?? ?00?01???? ???0000100 0000010000 0000100000 0000000000 0000000000 0000000000 0000120040 1100000000 0000100000
1000110000 0000000000 0000000000 0000000111 1111000000 0000000000 0000000000 0000000000 1000001100 01100001

Drosophila Drosophila hirtitarsus Hardy

1010000000 0010???2?? ?00?01???? ???0000100 0000000000 0000100000 0000000010 0000000000 0000000000 0000020031 1100000000 0000100000
1000110000 0000000000 0000000000 0000000111 1111000000 0000000000 0000000000 0000000000 1000001100 01100001

>Drosophila Drosophila hydei Sturtevant

1010000000 0010100000 2100011000 010000001? 0000000000 0000100000 0000000000 0000000000 0000000000 2000020031 1010000000 0000100000
0000110000 0000000000 0000000000 0000000000 0000000000 0000000000 0000000000 0000000000 1010001100 01100000

>Drosophila Drosophila immigrans Sturtevant

1110000000 0010110000 2000001000 010000001? 0000000000 0000100000 0000000000 0000000000 0000001000 0000120021 1010000000 0000100010
1000110000 0000000000 0000000000 0000000000 0000000000 0000000000 0000000000 0000000001 1010001100 01100000

>Drosophila Drosophila melanica Sturtevant

1010000000 00001??0?? ?00?001??? ???0000010 0000000000 0000100000 0000000000 0000000000 0000000000 2000020030 1000000000 0000100000
0000110000 0000000000 0000000000 0000000000 0000000000 0000000000 0000000000 0000000000 1101001100 01100000

>Drosophila Drosophila melanoloma Hardy

1010000000 0000???0?? ?10?01???? ???0000100 0000000000 0000100000 0000000110 0000000000 0000000000 0000020031 1100000000 0000100000
1000110000 0000000000 0000000000 0000000111 1111000000 0000000000 0000000000 0000000000 1000001100 01100001

>Drosophila Drosophila mimica Hardy

1011000000 0010???2?? ?10?01???? ???0100100 0000000000 0000100000 0000000010 0000000000 0000000000 0000020021 1000000000 0000100000
1000110000 0000000000 0000000000 0000000111 1101000000 0000000000 0000000000 0000000000 1000001100 01100001

>Drosophila Drosophila monochaeta Sturtevant

1110000000 00001??0?? ?00?001??? ???0000000 0000000000 0000100000 0000000100 0000000000 0000001000 0010021021 1010000000 0000100010
1000000000 0000000000 0000000000 0000000000 0000000000 0000000000 0000000000 0000000000 1010101100 11100001

>Drosophila Drosophila perissopoda Hardy

1010000000 0010110020 0100011000 0100000100 0000000000 0000100000 0000000010 0000000000 0000000000 0000020030 1000000000 0000100000
1000???000 0000000000 0000000000 0000000111 1101000000 0000000000 0000000000 0000000000 1000001100 01110001

>Drosophila Drosophila primaeva Hardy & Kaneshiro

1011000000 0110???0?? ?00?01???? ???0000100 0000000000 0000100000 0000000000 0000000000 0000000000 0000020030 1010000000 0000100000
1000110000 0000000000 0000000000 0000000111 1101000000 0000000000 0000000000 0000000000 1000001100 01100001

>Drosophila Drosophila quinaria Loew

1010000000 0010110000 200000???? ???0000010 0000000000 0000100000 0000000000 0000000000 0000000000 1000120031 1010000000 0000100000
0000110000 0000000000 0000000000 0000000000 0000000000 0000000000 0000000000 0000000011 1010001100 01100000

>Drosophila Drosophila repleta Woollaston

1010000000 0010110000 2000001000 010000001? 0000000000 0000100000 0000000000 0000000000 0000000000 2000020021 2000000000 0000100000
0000110000 0000000000 0000000000 0000000000 0000000000 0000000000 0000000000 0000000000 1011001100 01100000

>Drosophila Drosophila scolostoma Hardy

1011000000 0110???2?? ?10?01???? ???0100100 0000000000 0000100000 0000000010 0000000000 0000000000 0000020021 0110000000 0000100000
1000110000 0000000000 0000000000 0000000111 1101000000 0000000000 0000000000 0000000000 1000001100 01100001

>Drosophila Drosophila spectabilis Hardy

1011000000 0110110220 0100011000 0100000100 0000000000 0000100000 0000000000 0000000000 0000000000 0000020031 1100000000 0000100000
1000110000 0000000000 0000000000 0000000111 1101000000 0000000000 0000000000 0000000000 1000001100 01100001

>Drosophila Drosophila testacea Roser

1010000000 0010110000 2000001000 0100000010 0000000000 0000100000 0000000000 0000000000 0000000000 1000120031 1010000000 0000100000
0000110000 0000000000 0000000000 0000000000 0000000000 0000000000 0000000000 0000000001 1010101100 01100000

>Drosop/lila Drosophila tripunctata Loew

1010000000 00101??0?? 2000001??? ???0000010 0000000000 0000100000 0000000000 0000000000 0000000000 1000120031 1010000000 0000100000
1000110000 0000000000 0000000000 0000000000 0000000000 0000000000 0000000000 0000000001 1010101100 01100000

>Drosophila Drosophila virilis Sturtevant

1011000000 0010110000 ?100011000 0100000010 0000000010 0000100000 0000000000 0000000000 0000000000 2000120030 1110000000 0000100000
0000110000 0000000000 0000000000 0000000000 0000000000 0000000000 0000000000 0000000010 1111001100 01100000

>Drosophila Dudaica .senilis Duda

10?00000?0 ?000???0?? ?00?0????? ???0000000 0000000000 0000100000 ?000?00110 0000000000 0000001000 0010020031 1010000000 0000100?00
0000110000 0000000000 0000000000 0000000000 100000??00 0000000000 0000000000 0000000000 101000???? ????????

>Drosophila Engiscaptomyza crassifemur Grimshaw

1011000000 0010???0?? ?00?00???? ???000001? 0000000000 0000100000 0000000010 0000000000 0010000000 0000020031 1110000000 0000100000
0000000000 0000000000 0000000000 0000000000 0000000000 0000000000 0000000000 0000000000 1000001100 01000000

>Drosophila Engiscaptomyza nasalis Grimshaw

1011000000 0010100020 0000001000 010000001? 0000000000 1000100000 0000000010 0000000000 0010000000 0000020031 1110000000 0000100000
0000000000 0000000000 0000000000 0000000000 0000000000 0000000000 0000000000 0000000000 1000001100 01000000

>Drosophila Hirtodrosophila sp. A

1010000000 0000???0?? ?00?01???? ???000001? 0000000101 0000100000 0000000100 0000000000 0001000000 0000020041 1000000000 0000100000
1000110000 0000000000 0000000000 0000000000 0000000000 0000000000 0000000000 1001000000 1000001130 01100000

>Drosophila Hirtodrosophila sp. B

1010000000 0000???0?? ?00?01???? ???0000010 0000000101 0000100000 0000000000 0000000000 0000000000 0000020031 1000000000 0000100000
1000110000 0000000000 0000000000 0000000000 0000000000 0000000000 0000000001 1001100000 1000001120 01000000

>Drosopllila Hirtodrosophila duncani Sturtevant

1010000000 0000100000 2000011000 0100000010 1000000101 0000100000 0000000010 0000000000 0010000000 0000020031 1000000000 0000100000
0000100000 0000000000 0000000000 0000000000 0000000000 0000000020 0000000000 1001000000 1000001100 01100000

>Drosophila Hirtodrosophila nigrohalterata Duda

1010000000 00001??0?? 2000010000 0110000010 0000000101 0000100000 0000000010 0000000000 0010000000 0000020031 1000000000 0000100000
1000???000 0000000000 0000000000 0000000000 0000000000 0000000000 0000000000 1001000000 1000001130 01100000

>Drosophila Lordiphosa fenestrarum Fallen

1010000000 0110100000 0000001100 010000001? 0000000000 0000100000 0000000100 0000000000 0000000000 0000020041 1110000000 0000100000
0000100000 0000000000 0000000000 0000000000 0000000000 0000000000 0000000000 0000002000 1000001100 01100000

>Drosophila Phloridosa floricola Sturtevant

1010000000 0000101010 0010000000 0101000010 0000001000 0000100000 0000000000 0000000000 0000000000 1000020031 1000000000 0000100100
0000110000 0000000000 0000000000 0000000000 0000000000 0000000000 0000000000 0000000011 1100001100 01100000

>Drosophila Phloridosa lutzii Sturtevant
1010000000 0000101010 0010000000 0101000010 0000001000 0000100000 0000000000 0000000000 0000000000 1000020031 1000000000 0000100100
0000110000 0000000000 0000000000 0000000000 0000000000 0000000000 0000000000 0000000011 1100001100 01100000

>Drosophila Scaptodrosophila lurida Walker
1011000001 1000110000 2000001000 0100000010 0000000000 0000100000 0000000000 0000000000 0000000000 2000000010 2000000000 0000100000
1000111000 0000000000 0000000000 0000000000 0000000000 0000000000 0000000000 0000000011 1110101100 01100000

>Drosophila Scaptodrosophila scaptomyzoidea Duda
1010000000 0000000000 0000002000 0100000000 0000000000 0000100000 0000000010 0000000000 0000000000 0000000031 1010000000 0000100000
0000110000 0000000000 0000000000 0000000000 0000000000 0000000000 0000000000 0000000000 0000001100 01000000

>Drosophila Siphlodora flexa Loew

1010000000 0000110000 2000001000 0100000010 0000000000 0000100000 0000000000 0000000000 0000000000 2000010031 1010000000 0000100000
1000110000 0000000000 0000000000 0000000000 0000000000 0000000000 0000000000 0000000000 1100101100 01000000

>Drosophila Siphlodora sigmoides Loew

1010000000 0000110000 2000001000 0100000010 0000000000 0000100000 0000000000 0000000000 0000000000 2000010031 1010000000 0000100000
1000110000 0000000000 0000000000 0000000000 0000000000 0000000000 0000000000 0000000000 1100101100 01000000

>Drosophila Sophophora affinis Sturtevant

1010000000 0000???0?? ?00?01???? ???0000010 0000000000 0000100000 0000000010 0000000000 0010000000 0000020031 1010000000 0000100000
0100100000 0000000000 0000000000 0000000000 0000000000 0000000000 0000000000 0000001100 1100001100 01100000

>Drosophila Sophophora melanogaster Meigen

1010000000 0000000000 1000001000 0100000010 0000000000 0000100000 0000000010 0000000000 0000000000 1000120031 1010000000 0000100000
0100100000 0000000000 0000000000 0000000000 0000000000 0000000000 0000000000 0000001100 1100001100 01100000


>Drosophlila Sophophora takahashii Sturtevant

1010000000 0000000000 1000111000 0100000010 0000000000 0000100000 0000000000 0000000000 0010000000 0000120031 1010000000 0000100000
0100100000 0000000000 0000000000 0000000000 0000000000 0000000000 0000000000 0000001100 1100001100 01100000

>Drosophila Spinodrosophila nigrosparsa Strobl

1111000000 1110000000 0000001000 010000001? 0000000000 1000100000 ?000?00000 0000000000 0000000000 2000020031 0000000000 0000100?00
0000100000 0000000000 0000000000 0000000000 0000000000 0000000000 0000000000 0000010001 1111101100 01100000

>Drosoplila superba Sturtevant

1110000000 1000000001 0000100101 2000001000 0000000000 0000100000 0000000100 0000000000 0000000000 0000020021 0000000000 0001100000
0000000000 0000000013 0110000000 0000000000 0000000000 0000000000 0000000000 0000002000 100000?100 00000000

>Drosophila xiphophora Pipkin

1010000000 0000???0?? ?00?01?0?? ???0000000 0000000000 0000100001 0000000000 0000000000 0000000010 0000020011 1000000000 0000100100
1000110000 0000000000 0000000000 0000000000 0000000000 0000000000 0000000000 0000000000 1000001101 00100000

>Electrophortica succini 

1????????? ?00????0?? ?00?00???? ???0000000 0000100000 0000?00000 000??00?00 0000000000 0000000000 0000000020 0000000000 0000000?0?
?000?????? ?????????? ?????????? ?????????? ?????????? ?????????? ?????????? ?????????? ?????????? ????????

>Eostegana ortalidoides Walker

1001101000 0000???00? ?00010???? ???0000000 0000000000 0000000000 0000210000 0000000000 0100000000 0000000011 0000000000 0000000001
0001111001 0000000000 0000000000 0000000000 0000000000 0000000000 0000000000 0000000000 0000000000 00000010

>Gitona bivisualis Patterson

1000100001 1000000000 0000100020 0000000000 0000000000 0000000000 0001000000 0000000000 0000010000 0000000020 0000100000 0000100000
0000111000 0000011100 0000000000 0000000000 0000000000 0000000000 0000000000 0000000000 0000001000 00000000

>Gitona brasiliensis Lima

1000100001 1000???0?? ?00?10???? ???0000000 0000100000 0000000000 0001000000 0000000000 0000010000 0000000030 0000100000 0000100000
0000111000 0000011100 0000000000 0000000000 0000000000 0000000000 0000000000 0000000000 0000001000 00000000

>Gitona distigma Meigen

1000100001 1000000000 0000100020 0000000000 0000100000 0000000000 0001000000 0000000000 0000020000 0000000020 0000100000 0000100000
0000111000 0000011100 0000000000 0000000000 0000000000 0000000000 0000000000 0000000000 0000001000 00000000

>Grinshtawomyia palata Hardy

1010000000 0000???0?? ?00?00???? ???0000010 0011000000 0000100000 0000000000 0000000000 0000000000 0000020030 0110000000 0000100000
0000110000 0000000000 0000000000 0000000000 0000000000 0000000000 0000000000 0000000000 100000?100 01100000

>Hypselothyrea H. guttata Duda

1010000000 0001110200 ?000011000 0100000000 0100000000 0100100100 0000000100 2000000000 0000000200 0000021151 0000010000 0002100000
0000110000 0000000000 0000000000 0000000000 0000000000 1100000000 0000000000 0000000000 1000001100 01101000

>Jeannelopsiss p.

1010000000 0000110000 0000000000 010000001? 0000000000 0000100000 0000000110 0000000000 0000000000 0000020041 1000010000 1000100000
0000100000 0000000000 0000000000 0000000000 0000011100 1100000000 0000000000 0000000000 1000001100 01110000

>Laccodrosophlila flavescens Wheeler

1010000000 0000000000 0000000000 0100000000 0000000000 1000100001 0000000000 0100000001 0000000020 0000000001 1100000000 0000100100
0000000000 0000000000 0000000000 0000000000 0000000000 0000000000 0000000000 0000000000 ?000001101 01100000

>Leucophtenga L maculosa Coquillett

1000101000 1000???0?? ?00?00???? ???0000000 0000000000 0000000000 0000000001 0000000000 0000000000 0000000040 1000000001 0000100001
0000111000 1111100000 0000000000 0000000000 0000000000 0000000000 0000000000 0000000000 0000000000 00000100

>Leucophenga L regina Malloch

1000101000 1000???0?? ?00?00???? ???0000000 0000000000 0000000000 0000000001 0000000000 0000000000 0000000030 0000000001 0000100001
0000111000 1111100000 0000000000 0000000000 0000000000 0000000000 0000000000 0000000000 0000000000 00000100

>Leucophenga L scutellata Malloch

1100101000 1000000000 0000000020 0000000000 0000000000 0000000000 0000000001 0000000000 0000000000 0000000020 1100000001 0000100001
0000111000 1111100000 0000000000 0000000000 0000000000 0000000000 0000000000 0000000000 000000?000 00000100

>Leucophenga L varia Walker

1000101000 1000000000 0000000020 0000000000 0000000000 0000000000 0000000001 0000000000 0000000000 0000000020 0000000001 0000100001
0000111000 1111100000 0000000000 0000000000 0000000000 0000000000 0000000000 0000000000 0000000000 00000100

>Jjodrosophila onchopyga Okada

1010000000 00001??2?? ?00?011??? ?1?0000000 0100000000 0100100100 0000000100 2000000000 0000000200 0000021151 1010000000 0001100000
0000???000 0000000000 0000000000 0000000000 0000000020 1100000000 0000000000 0000000000 1000001100 01111000

>Lissocephala sabroskyi Wheeler & Takada

1010000000 0000000000 0000003001 0100000000 0100000000 0000100010 0000000000 1000000000 0010000100 0000021120 1000000000 0001100000
0000110000 0000000000 0000000000 0000000000 0000000020 0000000000 0000000000 0000000000 0000001100 01100000


>Lijs.socephala unipuncta Malloch

1010000000 0000???0?? ?00?00???? ???0000000 0100000000 0000100010 0000000000 2000000000 0010000100 0000020020 1000000000 0001100000
0000110000 0000000000 0000000000 0000000000 0000000020 0000000000 0000000000 0000000000 100000?100 01100000

>Marquesia femoralis Malloch

1010000000 0000???0?? ?00?00???? ???000001? 0000000000 0000100000 0000000100 0000000000 0011000000 0000020051 0110010000 0000100000
0000???000 0000000000 0000000000 0000000000 0000000000 0000000000 0000000000 0000000000 100000?100 01100000

>Mayagueza argentifera Wheeler.

1010110000 0000000000 ?000001020 0000000000 0000100000 0000000000 0010000000 0000010000 0000000000 0000000020 0000001000 0000100000
0010111000 0000001100 0000000000 0000000000 0000000000 0000000000 0000000000 0000000000 000001?100 00000000

>Microdrosophila M. quadrata Sturtevant

1010000000 00101??0?? 000?0010?? ?1?0000011 0000000100 0000100000 00000001?0 2000000000 0011000000 0000020031 0000010000 0000100000
0000110000 0000000000 0000000000 0000000000 0000000001 0000000000 0000000000 0000000000 1000001100 00000000

>Miomyia io

1????????? ?00????0?? ?00?00???? ???0000000 0000000000 0000?00000 0000000?00 0000000000 0000000000 00000200?1 0000000000 0000000?00
0000???0?? ???0000??0 00?0??00?? 0????0???? 00?000???? ??0???000? ???00000?0 00?000???? 0?0?00???? ????????

>Mulgravea sp.

1010000000 00001??1?? 0000011000 0100000010 0000000000 0110100100 0000000100 2000000000 0000000001 0000020051 0000010000 0002100000
0000110000 0000000000 0000000000 0000000000 0000100000 1100000000 0000000001 0000000000 1000001100 01110000

>Mycodrosophila dimidiata Loew

1010000000 0000100000 1000001000 0010000000 0000000001 0000100000 0000000100 0000000000 0010000000 0001020031 1000000000 0010100000
1000110000 0000000000 0000000000 0000000000 0000000000 0000000000 0000000000 0100000000 1000001110 01100000

>Neotanygastrella tricoloripes Duda

1010000000 0000000000 0000002001 1000000000 0000000000 0000100000 0000000110 0000000000 0000000001 0000020041 1000000000 0000100000

0000110000 0000000000 0000011100 0000000000 0000000000 0000000000 0000000000 0000001000 1000001100 01100000

>Nesiodro.sophila rotundicornis Okada

1010000000 00107???0? 000?011?01 010000001? 0000000000 0000100000 0000000010 0000000000 0000000000 0000020041 1100000000 0000100000
0000110000 0000000000 0000000000 0000000000 0000000000 0000000000 0000000000 0000000000 1000001100 01100000

>Nudidro.sophila aenicta Hardy

1010000000 0010110000 0000011000 0100000100 0000000000 0000100000 0000000000 0010000000 0000000000 0000020040 1100000000 0000100000
100011?000 0000000000 0000000000 0000000111 1101000000 0000000000 0000000000 0000000000 100000?100 01000001

>Paraliodrosophila bipartita Duda

1010000000 0000100000 0000010000 012000001? 0000000101 0000100100 ?000?000?0 2000000000 0011000000 0000021021 0000000000 0000100?00
1000117000 0000000000 0000000000 0000000000 0000000000 0000000000 0000000000 1000000000 0000001110 01100000

>Paramycodro.sophila spz

101?000000 0000100000 1000000000 001000001? 0000000001 0000100000 0000000000 0000000000 0010000000 0000020041 1000000000 0010100000
1000???000. 0000000000 0000000000 0000000000 0000000000 0000000000 0000000001 1000000000 1000001130 01100000

>Phorticella argentostriata Bock

1011000000 0000110000 0000001000 010000001? 0000000000 0000100000 0000000000 0000001100 0000001000 0010020041 1000000100 0000100000
1000110000 0000000000 0000000000 0000000000 0000000000 0000000100 0000000000 0000000000 1000001100 01100000

>Protochymomyza miocena Grimaldi

1????????? ?00????0?? ?00?00???? ???0000000 0000000000 0000?00000 0000000?20 0000000000 0000000000 00000200?1 0000000000 0000100?00
0000???0?? ???0000??0 00?0??11?? 0????0???? 00?000???? ??0???000? ???00000?0 00?000???? ?????0???? ????????

>Pseudiastata P. pseudococcivora Sabrosky

1011100000 0000???0?? ?00?10???? ???0000000 0000100000 0000000000 0100000000 0000010010 0000000000 0000000000 0000000000 0000100000
0010111000 0000001100 0000000000 0000000000 0000000000 0000000000 0000000000 0000000000 0000001100 00000000

>Pseudiastata P. vorax Sabrosky

1111100000 0000000000 0000101120 0000000000 0000100000 0000000000 0100000000 0000010010 0000000000 0000000000 0000000000 0000100000
0010111000 0000001100 0000000000 0000000000 0000000000 0000000000 0000000000 0000000000 0000001100 00000000

>Rhinoleucophenga obesa Loew
1111100000 0000000000 0000101020 0000000000 0000100000 0000000000 0100000000 0001000000 0000000000 0000000000 0000000000 0000100000
0010111000 0000011100 0000000000 0000000000 0000000000 0000000000 0000000000 0000000000 0000001000 00000000

>Rhuzioleucophenga pallida Hendel

1011100000 0000???0?? ?00?00???? ???0000000 0000100000 0000000000 0100000000 0001000000 0000000000 0000000000 0000000000 0000100000
0010111000 0000011100 0000000000 0000000000 0000000000 0000000000 0000000000 0000000000 0000001000 00000000

>Samoaia ocellaris Malloch

1110000000 0010110000 2000000100 010000001? 0000000000 0000100000 0000000000 0000000000 0000001000 0000020051 0000000000 0000100000
1000110000 0000000000 0000000000 0000000000 0000000000 0000000000 0000000000 0000000000 1000001100 11101000


>Scaptomyza Alloscaptomyza mutica Hardy

1010000000 0010000000 0000000000 010000001? 0000000000 0000100000 0000000110 0000000000 0000000000 0000020051 0000010000 0000100000
0000110000 0000000000 0000000000 0000000000 0000000000 00001011?0 0000010000 0000001000 ?000001100 00000000

>Scaptomyza Alloscaptomyza stramineifrons Hackman

1010000000 0000???0?? ?00?00???? ?1?0000010 0000000000 0000100000 0000000110 0000000000 0011000000 0000020041 0100010000 0000100000
0000???000 0000000000 0000000000 0000000000 0000000000 00011121?0 0010010000 0000001000 ?000001100 00000000

>Scaptomyza Bunostoma anomala Hardy

1010000000 0000???1?? ?00?00???? ?1?000001? 0000000000 0000100000 0000000110 0000100000 0013000000 0000120051 0000010000 0000100000
0000110000 0000000000 0000000000 0000000000 0000000000 0000111100 0000000110 0000001000 0000001100 01000000

>Scaptonzyza Bunostoma australis Malloch

1010000000 0010100200 0000001000 0100000010 0000000000 0000100000 0000000110 0000000000 0013000000 0000120051 0000010000 0000100000
0000110000 0000000000 0000000000 0000000000 0000000000 0001112100 10100001?0 0000001000 0000001100 00000000

>Scaptomyza Bunostoma flavifacies Malloch

1010000000 0000???2?? ?0070000?? ?1?0000010 0000000000 0000100000 0000000110 0000000000 0013000000 0000020051 0100010000 0000100000
0000110000 0000000000 0000000000 0000000000 0000000000 0001112120 0010000000 0000001000 1000001100 01100000

>Scaptomyza Bunostoma palmae Hardy

1010000000 0000100100 0000002000 0100000010 0000000000 0000100000 0000000110 0000100000 0013000000 0000120041 0000010000 0000100000
0000???000 0000000000 0000000000 0000000000 0000000000 00???????? ?????????0 0000001000 ?000001100 01000000

>Scaptomyza Dentiscaptomyza denticauda Malloch

1010000000 0010100000 000000.1000 0100000010 0000000000 0000100000 0000000110 0000000000 0011000000 0000020041 1110010000 0000100000
0000100000 0000000000 0000000000 0000000000 0000000000 0001112121 0001100000 0000001000 1000001100 ????????

>Scaptomnyza Dentiscaptomyza intermedia Duda

1011000000 0110???0?? ?00?00???? ?1?001001? 0000000000 0000100000 0000000110 0000000000 0011000000 0000120041 0100010000 0000100000
0000000000 0000000000 0000000000 0000000000 0000000000 0000000100 0000000110 0000001000 0000001100 01000000

>Scaptomyza Dentiscaptomyza multispinosa Malloch

1010000000 0110100000 0000001000 010001001? 0000000000 0000100000 0000000110 0000000000 0011000000 0000120041 1110010000 0000100000
0000000000 0000000000 0000000000 0000000000 0000000000 0001000101 0000001000 0000001000 0000001100 01000000

>Scaptomyza Euscaptomyza chylizosoma Seguy

101?100000 0000???0?? ?00?00???? ???0000010 0000000000 0000100000 0000000000 0000000000 0011000000 0000020030 1110010000 1000100000
0000???000 0000000000 0000000000 0000000000 0000000000 00???????? ?????????0 0000001000 ?000001100 ????????

>Scaptomyza Hemiscaptomyza apicata Thomson

1011000000 0110100000 0000001000 0100010010 0000000000 0000100000 0000000110 0000000000 0011000000 0000020041 1110010000 0000100000
0000100000 0000000000 0000000000 0000000000 0000000000 0000111100 0000000010 0000001000 0000001100 01110000

>Scaptomyza Hemiscaptomyza trochanterata Collin

1010000000 0110???0?? ?00?00???? ???001001? 0000000000 0000100000 0000000110 0000000000 0011000000 0000020041 1110010000 0000100000
0000100000 0000000000 0000000000 0000000000 0000000000 0000111100 0000000010 0000001000 0000001100 01100000

>Scaptomyza Lauxanomyza horaeoptera Tsacas & Cogan

101?000000 0010???0?? ?00?00???? ???0000010 0000000000 0000100000 0000000110 0000000000 0000000000 0000020041 0100010000 0000100000
0000???000 0000000000 0000000000 0000000000 0000000000 0000111121 0000000010 0000001000 100000?100 ????????

>Scaptonmyza Macroscaptomyza altissima Frey

1011000000 0110100020 0000001000 0100000010 0000000000 0000100000 0000000000 0000000000 0013000000 0000120051 0110010000 0000100000
0000000000 0000000000 0000000000 0000000000 0000000000 0011110110 0000000000 0000001000 1000001100 00000000
>Scaptomyza Mesoscaptomyza paravittata Wheeler
1010000000 0110100000 0000002000 010000001? 0000000000 0000100000 0000000110 0000000000 0011000000 0000020051 0110010000 0000100000
0000110000 0000000000 0000000000 0000000000 0000000000 0001011100 0000000000 0000001000 0000001100 01000000

>Scaptonmyza Mesoscaptomyza wheeleri Hackman

1010000000 0010???0?? ?00?00???? ???001001? 0000000000 0000100000 0000000110 0000000000 0011000000 0000020051 0110010000 0000100000
0000110000 0000000000 0000000000 0000000000 0000000000 0011112100 0000000000 0000001000 0000001100 01000000

>Scaptomyza Parascaptomyza pallida Zetterstedt

1010000000 0010100100 0000001000 010000001? 0000000000 0000100000 0000000110 0000000000 0012000000 0000020051 0110010000 0000100000
0000110000 0000000000 0000000000 0000000000 0000000000 0011112110 0000000000 0000001000 1000001100 01000000

>Scaptomnyza Parascaptomyza adusta Loew

1010000000 0010???0?? ?00?00???? ???001001? 0000000000 0000100000 0000000110 0000000000 0000000000 0000020051 0010010000 0000100000
0000100000 0000000000 0000000000 0000000000 0000000000 0011111100 0000000000 0000001000 0000001100 01100000

>Scaptomyza Rosenwaldia abrupta Hackman

1010000000 0110???2?? ?00?00???? ???0000011 0000000000 1000100000 0000000110 0000000000 0011000000 0000020041 0100010000 0000100000
0000100000 0000000000 0000000000 0000000000 0000000000 0001111121 1110000000 0000001000 1000001100 01000000


>Scaptomyza Rosenwaldia mitchelli Hackman

1010000000 0110100220 0000001100 0100010011 0000000000 1000100000 0000000110 0000000000 0011000000 0000020041 0100010000 0000100000
0000100000 0000000000 0000000000 0000000000 0000000000 0001111121 1110000000 0000001000 1000001100 01000000

>Scaptomyza Scaptomyza graminum Fallen

1010000000 0000100100 0000001000 0100000010 0000000000 0000100000 0000000110 0000000000 0012000000 0000020051 0110010000 0000100000
0000110000 0000000000 0000000000 0000000000 0000000000 0011112110 0000000000 0000001000 1000001100 01000000

>Scaptomyza Scaptomyza nigrita Wheeler

1010000000 0110100000 0000001000 010001001? 0000000000 0000100000 0000000110 0000000000 0000000000 0000020041 0110010000 0000100000
0000100000 0000000000 0000000000 0000000000 0000000000 0000002100 0000000000 0000001000 0000001100 01100000

>Scaptomyza Tantalia albovittata Malloch

1010000000 0010???1?? ?00?00???? ???0010010 0000000000 1000100000 0000000110 0000000000 0011000000 0000020031 0000010000 0000100000
0000110000 0000000000 0000000000 0000000000 0000000000 00???????? ?????????0 0000001000 ?000001100 00000000

>Scaptomyza Tantalia varipicta Hardy

1010000000 0010100100 0000001100 0100010010 0000000000 1000100000 0000000110 0000000000 0011000000 0000020041 0000010000 0000100000
0000110000 0000000000 0000000000 0000000000 0000000000 0001111121 0111001000 0000001000 1000001100 00000000

>Scaptomyza Trogloscaptomyza articulata Hardy

1010000000 0010???1?? ?00?00???? ???001001? 0000000000 1000100000 0000000110 0000000000 0011000000 0000020031 0000010000 0000100000
0000100000 0000000000 0000000000 0000000000 0000000000 0001?12121 0111100000 0000001000 1000001100 01000000

>Scaptomyza Trogloscaptomyza inaequalis Grimshaw

1010000000 0010???1?? ?00?00???? ???001001? 0000000000 1000100000 0000000110 0000000000 0011000000 0000020031 0000010000 0000100000
0000100000 0000000000 0000000000 0000000000 0000000000 0001111121 0110000000 0000001000 1000001100 01000000

>Scaptomyza Trogloscaptomyza intricata Hardy

1010000000 0010???1?? ?00?00???? ???0000010 0000000000 1000100000 0000000100 0000100000 0011000000 0000020031 0000010000 0000100000
0000100000 0000000000 0000000000 0000000000 0000000000 0001112121 0111101000 0000001000 1000001100 01000000

>Scaptomyza Trogloscaptomyza platyrhina Hardy

1011000000 0010100?00 0000001000 0100010010 0000000000 1000100000 0000000110 0000100000 0011000000 0000020031 0000010000 0000100000
0000110000 0000000000 0000000000 0000000000 0000000000 0001110101 1111001000 0000001000 0000001100 01000000

>Scaptomyza parva

1010000000 0000100020 0000001000 010001001? 0000000000 0000100000 0000000110 0000000000 0012000000 0000020031 1100010000 0000100000
0000110000 0000000000 0000000000 0000000000 0000000000 000011?110 0000000000 0000001000 1000001100 01000000

>Sphaerogastrella sp
1010000000 0111100100 0000011000 0100000000 0100000000 0110100100 0000000100 2000000000 0000000200 0000021161 ???0010000 0002100000
0000110000 0000000000 0000000000 0000000000 0000000010 1100000000 0000000000 0000000000 1000001100 01111000

>Stegana Orthostegana acutangula Hendel

1000101000 0000000000 0000101020 0000000000 0000000000 0000000000 0000110000 0000000000 0000000000 0000000000 0000000011 0000000001
0001111101 0000000000 0000000000 0000000000 0000000000 0000000000 0000000000 0000000000 0000000000 00000010

>Stegana S. vittata Coquillett

1000101000 0000???0?? ?00?10???? ???0000000 0000000000 0000100000 0000200000 0000000000 0100000000 0000000010 0000000011 0000000001
0001111111 0000000000 0000000000 0000000000 0000000000 0000000000 0000000000 0000000000 0000000000 00000010

>Stegana Steganina coleoptrata Scopoli

1000101000 0010000000 00000010?0 0000000000 0000000000 0000000000 0000200000 0000000000 0100000000 0000000010 0000000011 0000000001
0001111111 0000000000 0000000000 0000000000 0000000000 0000000000 0000000000 0000000000 0000000000 00000010

>Stegana Pseudostegana sp

10?01010?0 ?000???0?? ?00?0????? ???0000000 0000000000 0000100000 ?000?00000 0000000000 0000000000 0000020021 0001000011 0000100?01
0000???100 0000000000 0000000000 0000000000 0000000000 0000000000 0000000000 0000000000 0000000000 00000???

>Styloptera alocasiae Okada & Carson

1010000000 0010???0?? ?00?0????? ???000001? 0000000000 0000100000 0000000010 1000000000 0000000000 0000020041 1000010000 0100100000
0000???000 0000000000 0000000000 0000000000 0000000000 1100000000 0000000000 0000000000 1000001100 77??????

>Tanmbourella ornata Okada

1010000000 00111??1?? ?00?00???? ???0000000 0100000000 0110100000 00000000?0 2000000000 0000000200 0000020061 0000010000 1002101000
0000110000 0000000000 0000000000 0000000000 0000011100 1100000000 0000000000 0000000000 100000?100 01100000

>Titainochaeta ichneumon Knab

1011000000 0000???0?? ?10?01???? ???0000100 0000000000 0000100000 0000002010 0000000000 0000000000 0000020030 0000000000 0000100000
0000???000 0000000000 0000000000 0000000000 0000000000 0000000000 0000000000 0000000000 1000001100 00000000

>Titanoochaeta swezeyi Wirth

1011000000 0000000000 0100010010 0000000100 0000000000 1000100000 0000002000 0000000000 0000000000 00020031 0000000000 0000100000
0000110000 0000000000 0000000000 0000000000 0000000000 0000000000 0000000000 0000000000 1000001100 00000000

>Zaprionus multistriatus Sturtevant

1011000000 0010???0?? ?00?00???? ???0000010 0000000000 0000100000 0000000000 0000001100 0000001000 0010020031 2000000100 0000100000
1000110000 0000000000 0000000000 0000000000 0000000000 0000000100 0000000000 0000000010 1000001100 01100000

>Zaprionus vittiger Coquillett

1011000000 0010110000 ?00000???? ???0000010 0000000000 0000100000 0000000000 0000001100 0000001000 0010020041 1000000100 0000100000
1000110000 0000000000 0000000000 0000000000 0000000000 0000000100 0000000000 0000000010 1000001100 01100000

>Zapriothrica dispar Schiner

1010000010 0110???0?? ?00?00???? ???1000000 0000001000 0000100000 1000000100 0000000000 0000000020 0000020031 1000000000 0000100100
0000000000 0000000000 0000000000 0000000000 0000000000 0000000000 0000000000 0000000000 1000001101 01100000

>Zapriothrica nudiseta Wheeler

1010000010 0100000000 0000000000 0001000000 0000101000 0000100000 1000000100 0000000000 0000000020 0000020031 1000000000 0000100100
0000000000 0000000000 0000000000 0000000000 0000000000 0000000000 0000000000 0000000000 1000001101 01100000

>Zygothrica atriangula Duda

1010000000 0000100000 0000000000 0110000000 0000000101 0000100000 0000000100 0000000000 0000000000 0000020031 1000000000 0000100000
1000110000 0000000000 0000000000 0000000000 0000000000 0000000000 0000000001 0110000000 1000001100 01100000

Zygothrica dispar Wiedemann

1010000000 0000?00000 ?00000???? ???0000000 0000000001 0000100000 0000000000 0000000000 0000000000 0000020031 1000000000 0000100000
1000110000 0000000000 0000000000 0000000000 0000000000 0000000000 000000000? ?????00000 1000001100 01100000

Zygothrica orbitalis Sturtevantc

1010000000 0000100000 0000000000 0110000000 0000000001 0000100000 0000000000 0000000000 0000000000 0000020031 1000000000 0000100000
1000110000 0000000000 0000000000 0000000000 0000000000 0000000000 0000000001 0010000000 1000001100 01100000

>Zygothrica samoaensis Malloch

1010000000 0000000000 0000010000 0110000000 0000000001 0000100000 0000000000 0000000000 0000000000 0000020021 1000000000 0000100000
1000110000 0000000000 0000000000 0000000000 0000000000 0000000000 0000000001 0001100000 1000001100 01100000


